Rank,Name,Births,Percentage
1,Emma,20355,1.549118589
2,Olivia,19553,1.488082327
3,Sophia,17327,1.318672454
4,Ava,16286,1.239447081
5,Isabella,15504,1.179932921
6,Mia,14820,1.127877057
7,Abigail,12311,0.93692945
8,Emily,11727,0.892484092
9,Charlotte,11332,0.862422592
10,Harper,10241,0.779391966
11,Madison,10038,0.763942638
12,Amelia,9795,0.745449107
13,Elizabeth,9656,0.734870503
14,Sofia,9650,0.734413873
15,Evelyn,9313,0.708766466
16,Avery,9298,0.70762489
17,Chloe,7884,0.600012329
18,Ella,7852,0.597576967
19,Grace,7589,0.577561335
20,Victoria,7575,0.576495864
21,Aubrey,7357,0.55990496
22,Scarlett,7100,0.540345958
23,Zoey,6900,0.525124945
24,Addison,6683,0.508610146
25,Lily,6617,0.503587212
26,Lillian,6571,0.500086379
27,Natalie,6466,0.492095347
28,Hannah,6372,0.484941471
29,Aria,6371,0.484865366
30,Layla,6289,0.478624751
31,Brooklyn,6268,0.477026545
32,Alexa,6029,0.458837434
33,Zoe,5995,0.456249862
34,Penelope,5921,0.450618087
35,Riley,5707,0.434331603
36,Leah,5585,0.425046786
37,Audrey,5581,0.424742365
38,Savannah,5413,0.411956714
39,Allison,5329,0.405563889
40,Samantha,5304,0.403661262
41,Nora,5301,0.403432947
42,Skylar,5258,0.400160429
43,Camila,5257,0.400084324
44,Anna,5094,0.387679199
45,Paisley,5056,0.384787206
46,Ariana,4933,0.375426283
47,Ellie,4838,0.368196302
48,Aaliyah,4836,0.368044092
49,Claire,4805,0.365684835
50,Violet,4779,0.363706104
51,Stella,4769,0.362945053
52,Sadie,4731,0.36005306
53,Mila,4712,0.358607064
54,Gabriella,4579,0.348485091
55,Lucy,4512,0.343386051
56,Arianna,4498,0.34232058
57,Kennedy,4496,0.34216837
58,Sarah,4476,0.340646269
59,Madelyn,4467,0.339961323
60,Eleanor,4402,0.335014494
61,Kaylee,4346,0.330752611
62,Caroline,4304,0.327556198
63,Hazel,4270,0.324968626
64,Hailey,4221,0.321239478
65,Genesis,4148,0.315683808
66,Kylie,4142,0.315227177
67,Autumn,4101,0.31210687
68,Piper,4100,0.312030765
69,Maya,4099,0.31195466
70,Nevaeh,3968,0.301984896
71,Serenity,3943,0.30008227
72,Peyton,3888,0.295896491
73,Mackenzie,3838,0.292091238
74,Bella,3760,0.286155043
75,Eva,3735,0.284252416
76,Taylor,3732,0.284024101
77,Naomi,3731,0.283947996
78,Aubree,3617,0.275272019
79,Aurora,3613,0.274967598
80,Melanie,3482,0.264997835
81,Lydia,3474,0.264388994
82,Brianna,3459,0.263247418
83,Ruby,3433,0.261268687
84,Katherine,3429,0.260964266
85,Ashley,3409,0.259442165
86,Alexis,3395,0.258376694
87,Alice,3395,0.258376694
88,Cora,3378,0.257082908
89,Julia,3347,0.254723651
90,Madeline,3305,0.251527238
91,Faith,3288,0.250233452
92,Annabelle,3250,0.24734146
93,Alyssa,3233,0.246047674
94,Isabelle,3198,0.243383996
95,Vivian,3183,0.242242421
96,Gianna,3161,0.240568109
97,Quinn,3077,0.234175284
98,Clara,3049,0.232044342
99,Reagan,3038,0.231207186
100,Khloe,2985,0.227173618
101,Alexandra,2983,0.227021408
102,Hadley,2957,0.225042676
103,Eliana,2956,0.224966571
104,Sophie,2918,0.222074578
105,London,2904,0.221009107
106,Elena,2877,0.218954271
107,Kimberly,2826,0.215072912
108,Bailey,2818,0.214464072
109,Maria,2803,0.213322496
110,Luna,2790,0.21233313
111,Willow,2776,0.211267659
112,Jasmine,2774,0.211115449
113,Kinsley,2762,0.210202188
114,Valentina,2738,0.208375667
115,Kayla,2718,0.206853565
116,Delilah,2706,0.205940305
117,Andrea,2699,0.205407569
118,Natalia,2686,0.204418203
119,Lauren,2677,0.203733258
120,Morgan,2670,0.203200522
121,Rylee,2668,0.203048312
122,Sydney,2647,0.201450106
123,Adalynn,2612,0.198786429
124,Mary,2602,0.198025378
125,Ximena,2591,0.197188222
126,Jade,2549,0.19399181
127,Liliana,2545,0.193687389
128,Brielle,2519,0.191708658
129,Ivy,2489,0.189425506
130,Trinity,2485,0.189121085
131,Josephine,2477,0.188512245
132,Adalyn,2450,0.186457408
133,Jocelyn,2441,0.185772463
134,Emery,2409,0.183337101
135,Adeline,2391,0.181967209
136,Jordyn,2362,0.179760162
137,Ariel,2332,0.177477011
138,Everly,2315,0.176183224
139,Lilly,2294,0.174585018
140,Paige,2278,0.173367337
141,Isla,2263,0.172225761
142,Lyla,2254,0.171540816
143,Makayla,2237,0.170247029
144,Molly,2235,0.170094819
145,Emilia,2206,0.167887772
146,Mya,2189,0.166593986
147,Kendall,2186,0.166365671
148,Melody,2168,0.16499578
149,Isabel,2148,0.163473679
150,Brooke,2139,0.162788733
151,Mckenzie,2117,0.161114422
152,Nicole,2106,0.160277266
153,Payton,2103,0.160048951
154,Margaret,2089,0.15898348
155,Mariah,2087,0.15883127
156,Eden,2050,0.156015382
157,Athena,2040,0.155254332
158,Amy,2031,0.154569386
159,Norah,2021,0.153808335
160,Londyn,2013,0.153199495
161,Valeria,1974,0.150231397
162,Sara,1962,0.149318137
163,Aliyah,1958,0.149013716
164,Angelina,1952,0.148557086
165,Gracie,1934,0.147187195
166,Rose,1928,0.146730564
167,Rachel,1911,0.145436778
168,Juliana,1896,0.144295202
169,Laila,1883,0.143305837
170,Brooklynn,1879,0.143001416
171,Valerie,1873,0.142544786
172,Alina,1851,0.140870475
173,Reese,1848,0.140642159
174,Elise,1836,0.139728899
175,Eliza,1816,0.138206797
176,Alaina,1805,0.137369642
177,Raelynn,1793,0.136456381
178,Leilani,1789,0.136151961
179,Catherine,1785,0.13584754
180,Emerson,1780,0.135467015
181,Cecilia,1771,0.134782069
182,Genevieve,1760,0.133944914
183,Daisy,1754,0.133488283
184,Harmony,1740,0.132422812
185,Vanessa,1720,0.130900711
186,Adriana,1719,0.130824606
187,Presley,1711,0.130215765
188,Rebecca,1709,0.130063555
189,Destiny,1706,0.12983524
190,Hayden,1703,0.129606925
191,Julianna,1698,0.1292264
192,Michelle,1692,0.128769769
193,Adelyn,1673,0.127323773
194,Arabella,1671,0.127171563
195,Summer,1671,0.127171563
196,Callie,1669,0.127019353
197,Kaitlyn,1651,0.125649462
198,Ryleigh,1648,0.125421146
199,Lila,1639,0.124736201
200,Daniela,1636,0.124507886
201,Arya,1634,0.124355675
202,Alana,1611,0.122605259
203,Esther,1601,0.121844208
204,Finley,1598,0.121615893
205,Gabrielle,1591,0.121083158
206,Jessica,1577,0.120017687
207,Charlie,1554,0.11826727
208,Stephanie,1554,0.11826727
209,Tessa,1545,0.117582325
210,Makenzie,1541,0.117277904
211,Ana,1534,0.116745169
212,Amaya,1522,0.115831908
213,Alexandria,1521,0.115755803
214,Alivia,1515,0.115299173
215,Nova,1511,0.114994753
216,Anastasia,1493,0.113624861
217,Iris,1492,0.113548756
218,Marley,1487,0.113168231
219,Fiona,1484,0.112939916
220,Angela,1480,0.112635496
221,Giselle,1479,0.11255939
222,Kate,1469,0.11179834
223,Alayna,1449,0.110276239
224,Lola,1443,0.109819608
225,Lucia,1440,0.109591293
226,Juliette,1439,0.109515188
227,Parker,1439,0.109515188
228,Teagan,1430,0.108830242
229,Sienna,1429,0.108754137
230,Georgia,1424,0.108373612
231,Hope,1423,0.108297507
232,Cali,1421,0.108145297
233,Vivienne,1419,0.107993087
234,Izabella,1403,0.106775406
235,Kinley,1403,0.106775406
236,Daleyza,1389,0.105709935
237,Kylee,1386,0.105481619
238,Jayla,1380,0.105024989
239,Katelyn,1374,0.104568359
240,Juliet,1353,0.102970152
241,Maggie,1325,0.100839211
242,Dakota,1323,0.100687
243,Delaney,1322,0.100610895
244,Brynlee,1314,0.100002055
245,Keira,1306,0.099393214
246,Camille,1303,0.099164899
247,Leila,1298,0.098784374
248,Mckenna,1295,0.098556059
249,Aniyah,1294,0.098479954
250,Noelle,1277,0.097186167
251,Josie,1276,0.097110062
252,Jennifer,1275,0.097033957
253,Melissa,1273,0.096881747
254,Gabriela,1257,0.095664066
255,Allie,1255,0.095511856
256,Eloise,1255,0.095511856
257,Cassidy,1230,0.093609229
258,Jacqueline,1222,0.093000389
259,Brynn,1218,0.092695969
260,Sawyer,1217,0.092619864
261,Evangeline,1212,0.092239338
262,Jordan,1209,0.092011023
263,Paris,1208,0.091934918
264,Olive,1197,0.091097762
265,Ayla,1196,0.091021657
266,Rosalie,1184,0.090108396
267,Kali,1179,0.089727871
268,Maci,1173,0.089271241
269,Gemma,1166,0.088738505
270,Lilliana,1165,0.0886624
271,Raegan,1162,0.088434085
272,Lena,1155,0.08790135
273,Adelaide,1152,0.087673034
274,Journey,1145,0.087140299
275,Adelynn,1137,0.086531458
276,Alessandra,1136,0.086455353
277,Kenzie,1136,0.086455353
278,Miranda,1131,0.086074828
279,Haley,1128,0.085846513
280,June,1127,0.085770408
281,Harley,1123,0.085465988
282,Charlee,1121,0.085313777
283,Lucille,1112,0.084628832
284,Talia,1112,0.084628832
285,Skyler,1111,0.084552727
286,Makenna,1109,0.084400517
287,Phoebe,1109,0.084400517
288,Jane,1106,0.084172201
289,Lyric,1103,0.083943886
290,Angel,1102,0.083867781
291,Elaina,1097,0.083487256
292,Adrianna,1094,0.083258941
293,Ruth,1092,0.083106731
294,Miriam,1089,0.082878415
295,Diana,1081,0.082269575
296,Mariana,1080,0.08219347
297,Danielle,1079,0.082117365
298,Jenna,1078,0.08204126
299,Shelby,1071,0.081508524
300,Nina,1070,0.081432419
301,Madeleine,1062,0.080823579
302,Elliana,1061,0.080747474
303,Amina,1057,0.080443053
304,Amiyah,1055,0.080290843
305,Chelsea,1053,0.080138633
306,Joanna,1053,0.080138633
307,Jada,1049,0.079834213
308,Lexi,1047,0.079682003
309,Katie,1043,0.079377582
310,Maddison,1042,0.079301477
311,Fatima,1041,0.079225372
312,Vera,1041,0.079225372
313,Malia,1023,0.077855481
314,Lilah,1022,0.077779376
315,Madilyn,1021,0.077703271
316,Amanda,1013,0.07709443
317,Daniella,1013,0.07709443
318,Alexia,1010,0.076866115
319,Kathryn,1009,0.07679001
320,Paislee,1008,0.076713905
321,Selena,1008,0.076713905
322,Laura,1003,0.07633338
323,Annie,1001,0.07618117
324,Nyla,1000,0.076105065
325,Catalina,999,0.076028959
326,Kayleigh,996,0.075800644
327,Sloane,996,0.075800644
328,Kamila,992,0.075496224
329,Lia,987,0.075115699
330,Haven,985,0.074963489
331,Rowan,982,0.074735173
332,Ashlyn,975,0.074202438
333,Christina,972,0.073974123
334,Amber,969,0.073745808
335,Myla,967,0.073593597
336,Addilyn,966,0.073517492
337,Erin,966,0.073517492
338,Alison,963,0.073289177
339,Ainsley,961,0.073136967
340,Raelyn,960,0.073060862
341,Cadence,955,0.072680337
342,Kendra,955,0.072680337
343,Heidi,952,0.072452021
344,Kelsey,948,0.072147601
345,Nadia,945,0.071919286
346,Alondra,944,0.071843181
347,Cheyenne,943,0.071767076
348,Kaydence,943,0.071767076
349,Mikayla,941,0.071614866
350,River,941,0.071614866
351,Heaven,934,0.07108213
352,Arielle,924,0.07032108
353,Lana,920,0.070016659
354,Blakely,917,0.069788344
355,Sabrina,915,0.069636134
356,Kyla,914,0.069560029
357,Ada,913,0.069483924
358,Gracelyn,913,0.069483924
359,Allyson,903,0.068722873
360,Felicity,903,0.068722873
361,Kira,903,0.068722873
362,Briella,902,0.068646768
363,Kamryn,902,0.068646768
364,Adaline,901,0.068570663
365,Alicia,901,0.068570663
366,Ember,892,0.067885718
367,Aylin,891,0.067809613
368,Veronica,884,0.067276877
369,Esmeralda,879,0.066896352
370,Sage,878,0.066820247
371,Leslie,876,0.066668037
372,Aspen,873,0.066439721
373,Gia,871,0.066287511
374,Camilla,868,0.066059196
375,Ashlynn,866,0.065906986
376,Scarlet,866,0.065906986
377,Journee,860,0.065450356
378,Daphne,858,0.065298145
379,Bianca,856,0.065145935
380,Mckinley,856,0.065145935
381,Amira,853,0.06491762
382,Carmen,849,0.0646132
383,Kyleigh,849,0.0646132
384,Megan,847,0.06446099
385,Skye,845,0.06430878
386,Elsie,843,0.064156569
387,Kennedi,840,0.063928254
388,Averie,839,0.063852149
389,Carly,839,0.063852149
390,Rylie,839,0.063852149
391,Gracelynn,831,0.063243309
392,Mallory,831,0.063243309
393,Emersyn,827,0.062938888
394,Logan,827,0.062938888
395,Camryn,822,0.062558363
396,Annabella,816,0.062101733
397,Dylan,811,0.061721207
398,Elle,811,0.061721207
399,Kiara,811,0.061721207
400,Yaretzi,808,0.061492892
401,Ariella,807,0.061416787
402,Zara,804,0.061188472
403,April,797,0.060655736
404,Gwendolyn,789,0.060046896
405,Anaya,786,0.059818581
406,Baylee,783,0.059590266
407,Brinley,783,0.059590266
408,Sierra,778,0.05920974
409,Annalise,777,0.059133635
410,Tatum,775,0.058981425
411,Serena,774,0.05890532
412,Dahlia,773,0.058829215
413,Macy,771,0.058677005
414,Miracle,769,0.058524795
415,Madelynn,763,0.058068164
416,Briana,762,0.057992059
417,Freya,761,0.057915954
418,Macie,760,0.057839849
419,Helen,757,0.057611534
420,Bethany,756,0.057535429
421,Leia,755,0.057459324
422,Harlow,754,0.057383219
423,Blake,748,0.056926588
424,Jayleen,748,0.056926588
425,Angelica,746,0.056774378
426,Marilyn,745,0.056698273
427,Viviana,742,0.056469958
428,Francesca,740,0.056317748
429,Juniper,732,0.055708907
430,Carolina,729,0.055480592
431,Jazmin,728,0.055404487
432,Emely,727,0.055328382
433,Maliyah,726,0.055252277
434,Cataleya,723,0.055023962
435,Jillian,720,0.054795646
436,Joy,720,0.054795646
437,Abby,719,0.054719541
438,Malaysia,719,0.054719541
439,Nylah,719,0.054719541
440,Sarai,718,0.054643436
441,Evelynn,714,0.054339016
442,Nia,713,0.054262911
443,Zuri,709,0.053958491
444,Addyson,708,0.053882386
445,Aleah,706,0.053730176
446,Kaia,702,0.053425755
447,Bristol,701,0.05334965
448,Lorelei,700,0.053273545
449,Jazmine,698,0.053121335
450,Maeve,698,0.053121335
451,Alejandra,696,0.052969125
452,Justice,696,0.052969125
453,Julie,691,0.0525886
454,Marlee,691,0.0525886
455,Phoenix,691,0.0525886
456,Jimena,690,0.052512495
457,Emmalyn,688,0.052360284
458,Nayeli,688,0.052360284
459,Aleena,686,0.052208074
460,Brittany,686,0.052208074
461,Amara,684,0.052055864
462,Karina,684,0.052055864
463,Giuliana,683,0.051979759
464,Thea,683,0.051979759
465,Braelynn,679,0.051675339
466,Kassidy,679,0.051675339
467,Braelyn,678,0.051599234
468,Luciana,677,0.051523129
469,Aubrie,676,0.051447024
470,Janelle,676,0.051447024
471,Madisyn,675,0.051370919
472,Brylee,674,0.051294814
473,Leighton,674,0.051294814
474,Ryan,674,0.051294814
475,Amari,673,0.051218708
476,Eve,673,0.051218708
477,Millie,672,0.051142603
478,Kelly,670,0.050990393
479,Selah,670,0.050990393
480,Lacey,668,0.050838183
481,Willa,668,0.050838183
482,Haylee,664,0.050533763
483,Jaylah,662,0.050381553
484,Sylvia,658,0.050077132
485,Melany,655,0.049848817
486,Elisa,653,0.049696607
487,Elsa,653,0.049696607
488,Hattie,652,0.049620502
489,Raven,651,0.049544397
490,Holly,650,0.049468292
491,Aisha,649,0.049392187
492,Itzel,648,0.049316082
493,Kyra,647,0.049239977
494,Tiffany,647,0.049239977
495,Jayda,641,0.048783346
496,Michaela,639,0.048631136
497,Madilynn,638,0.048555031
498,Jamie,636,0.048402821
499,Celeste,633,0.048174506
500,Lilian,630,0.047946191
501,Remi,630,0.047946191
502,Priscilla,627,0.047717875
503,Jazlyn,625,0.047565665
504,Karen,624,0.04748956
505,Savanna,624,0.04748956
506,Zariah,621,0.047261245
507,Lauryn,620,0.04718514
508,Alanna,615,0.046804615
509,Kara,615,0.046804615
510,Karla,610,0.046424089
511,Cassandra,608,0.046271879
512,Ariah,606,0.046119669
513,Evie,606,0.046119669
514,Frances,606,0.046119669
515,Aileen,604,0.045967459
516,Lennon,604,0.045967459
517,Charley,603,0.045891354
518,Rosemary,602,0.045815249
519,Danna,601,0.045739144
520,Regina,601,0.045739144
521,Kaelyn,597,0.045434724
522,Virginia,596,0.045358618
523,Hanna,595,0.045282513
524,Rebekah,594,0.045206408
525,Alani,593,0.045130303
526,Edith,593,0.045130303
527,Liana,591,0.044978093
528,Charleigh,590,0.044901988
529,Gloria,590,0.044901988
530,Cameron,585,0.044521463
531,Colette,584,0.044445358
532,Kailey,584,0.044445358
533,Carter,579,0.044064832
534,Helena,579,0.044064832
535,Matilda,579,0.044064832
536,Imani,578,0.043988727
537,Bridget,576,0.043836517
538,Cynthia,576,0.043836517
539,Janiyah,576,0.043836517
540,Marissa,575,0.043760412
541,Johanna,573,0.043608202
542,Sasha,572,0.043532097
543,Kaliyah,570,0.043379887
544,Cecelia,568,0.043227677
545,Adelina,567,0.043151572
546,Jessa,566,0.043075467
547,Hayley,565,0.042999361
548,Julissa,562,0.042771046
549,Winter,562,0.042771046
550,Crystal,559,0.042542731
551,Kaylie,559,0.042542731
552,Bailee,558,0.042466626
553,Charli,557,0.042390521
554,Henley,557,0.042390521
555,Anya,556,0.042314416
556,Maia,556,0.042314416
557,Skyla,556,0.042314416
558,Liberty,555,0.042238311
559,Fernanda,551,0.041933891
560,Monica,550,0.041857786
561,Braylee,549,0.04178168
562,Dallas,548,0.041705575
563,Mariam,545,0.04147726
564,Marie,544,0.041401155
565,Beatrice,540,0.041096735
566,Hallie,540,0.041096735
567,Maryam,539,0.04102063
568,Angelique,538,0.040944525
569,Anne,538,0.040944525
570,Madalyn,537,0.04086842
571,Alayah,536,0.040792315
572,Annika,536,0.040792315
573,Greta,531,0.040411789
574,Lilyana,529,0.040259579
575,Kadence,526,0.040031264
576,Coraline,524,0.039879054
577,Lainey,524,0.039879054
578,Mabel,524,0.039879054
579,Lillie,523,0.039802949
580,Anika,520,0.039574634
581,Azalea,519,0.039498529
582,Dayana,518,0.039422423
583,Jaliyah,515,0.039194108
584,Addisyn,514,0.039118003
585,Emilee,511,0.038889688
586,Mira,511,0.038889688
587,Angie,509,0.038737478
588,Lilith,508,0.038661373
589,Mae,508,0.038661373
590,Meredith,507,0.038585268
591,Guadalupe,505,0.038433058
592,Emelia,503,0.038280847
593,Margot,503,0.038280847
594,Melina,501,0.038128637
595,Aniya,498,0.037900322
596,Alena,495,0.037672007
597,Myra,493,0.037519797
598,Elianna,492,0.037443692
599,Caitlyn,491,0.037367587
600,Jaelynn,490,0.037291482
601,Jaelyn,486,0.036987061
602,Demi,483,0.036758746
603,Mikaela,481,0.036606536
604,Tiana,481,0.036606536
605,Blair,480,0.036530431
606,Shiloh,479,0.036454326
607,Ariyah,478,0.036378221
608,Saylor,478,0.036378221
609,Caitlin,473,0.035997696
610,Lindsey,471,0.035845485
611,Oakley,471,0.035845485
612,Alia,470,0.03576938
613,Everleigh,469,0.035693275
614,Ivanna,467,0.035541065
615,Miah,467,0.035541065
616,Emmy,466,0.03546496
617,Jessie,466,0.03546496
618,Anahi,464,0.03531275
619,Kaylin,464,0.03531275
620,Ansley,463,0.035236645
621,Annabel,460,0.03500833
622,Remington,460,0.03500833
623,Kora,459,0.034932225
624,Maisie,458,0.03485612
625,Nathalie,455,0.034627804
626,Emory,452,0.034399489
627,Karsyn,451,0.034323384
628,Pearl,451,0.034323384
629,Irene,450,0.034247279
630,Kimber,449,0.034171174
631,Rosa,448,0.034095069
632,Lylah,447,0.034018964
633,Magnolia,447,0.034018964
634,Samara,446,0.033942859
635,Elliot,445,0.033866754
636,Renata,445,0.033866754
637,Galilea,444,0.033790649
638,Kensley,444,0.033790649
639,Kiera,444,0.033790649
640,Whitney,444,0.033790649
641,Amelie,443,0.033714544
642,Siena,443,0.033714544
643,Bria,441,0.033562333
644,Laney,441,0.033562333
645,Perla,441,0.033562333
646,Tatiana,439,0.033410123
647,Zelda,439,0.033410123
648,Jaycee,438,0.033334018
649,Kori,438,0.033334018
650,Montserrat,438,0.033334018
651,Lorelai,437,0.033257913
652,Adele,436,0.033181808
653,Elyse,436,0.033181808
654,Katelynn,436,0.033181808
655,Kynlee,436,0.033181808
656,Marina,434,0.033029598
657,Jayden,433,0.032953493
658,Kailyn,433,0.032953493
659,Avah,431,0.032801283
660,Kenley,431,0.032801283
661,Aviana,429,0.032649073
662,Armani,428,0.032572968
663,Dulce,428,0.032572968
664,Alaia,427,0.032496863
665,Teresa,426,0.032420758
666,Natasha,425,0.032344652
667,Milani,424,0.032268547
668,Amirah,423,0.032192442
669,Breanna,423,0.032192442
670,Linda,423,0.032192442
671,Tenley,423,0.032192442
672,Sutton,422,0.032116337
673,Elaine,421,0.032040232
674,Elliott,421,0.032040232
675,Aliza,420,0.031964127
676,Kenna,419,0.031888022
677,Meadow,419,0.031888022
678,Alyson,418,0.031811917
679,Rory,417,0.031735812
680,Milana,416,0.031659707
681,Erica,415,0.031583602
682,Esme,414,0.031507497
683,Leona,414,0.031507497
684,Joselyn,413,0.031431392
685,Madalynn,412,0.031355287
686,Alma,411,0.031279182
687,Chanel,411,0.031279182
688,Myah,411,0.031279182
689,Karter,410,0.031203076
690,Zahra,410,0.031203076
691,Audrina,409,0.031126971
692,Ariya,408,0.031050866
693,Jemma,408,0.031050866
694,Eileen,407,0.030974761
695,Kallie,406,0.030898656
696,Milan,406,0.030898656
697,Emmalynn,405,0.030822551
698,Lailah,404,0.030746446
699,Sloan,404,0.030746446
700,Clarissa,403,0.030670341
701,Karlee,403,0.030670341
702,Laylah,403,0.030670341
703,Amiya,402,0.030594236
704,Collins,402,0.030594236
705,Ellen,401,0.030518131
706,Hadassah,400,0.030442026
707,Danica,399,0.030365921
708,Jaylene,399,0.030365921
709,Averi,398,0.030289816
710,Reyna,398,0.030289816
711,Saige,397,0.030213711
712,Wren,397,0.030213711
713,Lexie,396,0.030137606
714,Dorothy,395,0.030061501
715,Lilianna,395,0.030061501
716,Monroe,393,0.02990929
717,Aryanna,392,0.029833185
718,Elisabeth,392,0.029833185
719,Ivory,392,0.029833185
720,Liv,391,0.02975708
721,Janessa,390,0.029680975
722,Jaylynn,390,0.029680975
723,Livia,390,0.029680975
724,Rayna,390,0.029680975
725,Alaya,387,0.02945266
726,Malaya,387,0.02945266
727,Cara,385,0.02930045
728,Erika,385,0.02930045
729,Amani,384,0.029224345
730,Clare,384,0.029224345
731,Addilynn,383,0.02914824
732,Roselyn,383,0.02914824
733,Corinne,382,0.029072135
734,Paola,382,0.029072135
735,Jolene,381,0.02899603
736,Anabelle,380,0.028919925
737,Aliana,379,0.028843819
738,Lea,379,0.028843819
739,Mara,379,0.028843819
740,Lennox,377,0.028691609
741,Claudia,376,0.028615504
742,Kristina,376,0.028615504
743,Jaylee,375,0.028539399
744,Kaylynn,375,0.028539399
745,Zariyah,375,0.028539399
746,Gwen,374,0.028463294
747,Kinslee,374,0.028463294
748,Avianna,373,0.028387189
749,Lisa,373,0.028387189
750,Raquel,373,0.028387189
751,Jolie,372,0.028311084
752,Carolyn,371,0.028234979
753,Courtney,371,0.028234979
754,Penny,371,0.028234979
755,Royal,371,0.028234979
756,Alannah,370,0.028158874
757,Ciara,370,0.028158874
758,Chaya,369,0.028082769
759,Kassandra,369,0.028082769
760,Milena,369,0.028082769
761,Mina,368,0.028006664
762,Noa,368,0.028006664
763,Leanna,367,0.027930559
764,Zoie,367,0.027930559
765,Ariadne,366,0.027854454
766,Monserrat,366,0.027854454
767,Nola,366,0.027854454
768,Carlee,365,0.027778349
769,Isabela,365,0.027778349
770,Jazlynn,365,0.027778349
771,Kairi,365,0.027778349
772,Laurel,365,0.027778349
773,Sky,365,0.027778349
774,Rosie,364,0.027702244
775,Arely,361,0.027473928
776,Aubrielle,361,0.027473928
777,Kenia,361,0.027473928
778,Noemi,361,0.027473928
779,Scarlette,361,0.027473928
780,Farrah,360,0.027397823
781,Leyla,360,0.027397823
782,Amia,358,0.027245613
783,Bryanna,358,0.027245613
784,Naya,357,0.027169508
785,Wynter,357,0.027169508
786,Hunter,356,0.027093403
787,Katalina,356,0.027093403
788,Taliyah,355,0.027017298
789,Amaris,354,0.026941193
790,Emerie,354,0.026941193
791,Martha,354,0.026941193
792,Thalia,354,0.026941193
793,Christine,352,0.026788983
794,Estrella,352,0.026788983
795,Brenna,351,0.026712878
796,Milania,351,0.026712878
797,Salma,351,0.026712878
798,Lillianna,350,0.026636773
799,Marjorie,350,0.026636773
800,Shayla,349,0.026560668
801,Zendaya,349,0.026560668
802,Aurelia,348,0.026484562
803,Brenda,348,0.026484562
804,Julieta,348,0.026484562
805,Adilynn,346,0.026332352
806,Deborah,346,0.026332352
807,Keyla,346,0.026332352
808,Patricia,346,0.026332352
809,Emmeline,345,0.026256247
810,Hadlee,345,0.026256247
811,Giovanna,344,0.026180142
812,Kailee,344,0.026180142
813,Desiree,342,0.026027932
814,Casey,341,0.025951827
815,Karlie,341,0.025951827
816,Khaleesi,341,0.025951827
817,Lara,341,0.025951827
818,Tori,341,0.025951827
819,Clementine,340,0.025875722
820,Nancy,340,0.025875722
821,Simone,340,0.025875722
822,Ayleen,339,0.025799617
823,Estelle,339,0.025799617
824,Celine,338,0.025723512
825,Madyson,338,0.025723512
826,Zaniyah,338,0.025723512
827,Adley,337,0.025647407
828,Amalia,337,0.025647407
829,Paityn,337,0.025647407
830,Kathleen,336,0.025571302
831,Sandra,336,0.025571302
832,Lizbeth,335,0.025495197
833,Maleah,334,0.025419092
834,Micah,334,0.025419092
835,Aryana,333,0.025342986
836,Hailee,333,0.025342986
837,Aiyana,332,0.025266881
838,Joyce,332,0.025266881
839,Ryann,332,0.025266881
840,Caylee,331,0.025190776
841,Kalani,331,0.025190776
842,Marisol,331,0.025190776
843,Nathaly,331,0.025190776
844,Briar,330,0.025114671
845,Holland,329,0.025038566
846,Lindsay,328,0.024962461
847,Remy,328,0.024962461
848,Adrienne,327,0.024886356
849,Azariah,326,0.024810251
850,Harlee,326,0.024810251
851,Dana,325,0.024734146
852,Frida,325,0.024734146
853,Marianna,325,0.024734146
854,Yamileth,325,0.024734146
855,Chana,324,0.024658041
856,Kaya,324,0.024658041
857,Lina,324,0.024658041
858,Celia,323,0.024581936
859,Analia,322,0.024505831
860,Hana,322,0.024505831
861,Jayde,321,0.024429726
862,Joslyn,321,0.024429726
863,Romina,321,0.024429726
864,Anabella,320,0.024353621
865,Barbara,320,0.024353621
866,Bryleigh,319,0.024277516
867,Emilie,319,0.024277516
868,Nathalia,319,0.024277516
869,Ally,318,0.024201411
870,Evalyn,318,0.024201411
871,Bonnie,317,0.024125305
872,Zaria,317,0.024125305
873,Carla,316,0.0240492
874,Estella,316,0.0240492
875,Kailani,316,0.0240492
876,Rivka,316,0.0240492
877,Rylan,316,0.0240492
878,Paulina,314,0.02389699
879,Kayden,313,0.023820885
880,Giana,312,0.02374478
881,Yareli,312,0.02374478
882,Kaiya,310,0.02359257
883,Sariah,310,0.02359257
884,Avalynn,309,0.023516465
885,Jasmin,309,0.023516465
886,Aya,308,0.02344036
887,Jewel,308,0.02344036
888,Kristen,308,0.02344036
889,Paula,308,0.02344036
890,Astrid,307,0.023364255
891,Jordynn,307,0.023364255
892,Kenya,307,0.023364255
893,Ann,306,0.02328815
894,Annalee,306,0.02328815
895,Kai,306,0.02328815
896,Kiley,305,0.023212045
897,Marleigh,305,0.023212045
898,Julianne,304,0.02313594
899,Zion,304,0.02313594
900,Emmaline,303,0.023059835
901,Nataly,303,0.023059835
902,Aminah,302,0.022983729
903,Amya,302,0.022983729
904,Iliana,302,0.022983729
905,Jaida,302,0.022983729
906,Paloma,302,0.022983729
907,Asia,301,0.022907624
908,Louisa,301,0.022907624
909,Sarahi,301,0.022907624
910,Tara,301,0.022907624
911,Andi,300,0.022831519
912,Arden,300,0.022831519
913,Dalary,300,0.022831519
914,Aimee,299,0.022755414
915,Alisson,299,0.022755414
916,Halle,299,0.022755414
917,Aitana,298,0.022679309
918,Landry,297,0.022603204
919,Alisha,296,0.022527099
920,Elin,296,0.022527099
921,Maliah,296,0.022527099
922,Belen,295,0.022450994
923,Briley,295,0.022450994
924,Raina,294,0.022374889
925,Vienna,294,0.022374889
926,Esperanza,293,0.022298784
927,Judith,292,0.022222679
928,Faye,291,0.022146574
929,Susan,290,0.022070469
930,Aliya,289,0.021994364
931,Aranza,289,0.021994364
932,Yasmin,289,0.021994364
933,Jaylin,288,0.021918259
934,Kyndall,288,0.021918259
935,Saniyah,288,0.021918259
936,Wendy,288,0.021918259
937,Yaritza,288,0.021918259
938,Azaria,287,0.021842154
939,Kaelynn,287,0.021842154
940,Neriah,287,0.021842154
941,Zainab,287,0.021842154
942,Alissa,286,0.021766048
943,Cherish,286,0.021766048
944,Dixie,286,0.021766048
945,Veda,286,0.021766048
946,Nala,285,0.021689943
947,Tabitha,285,0.021689943
948,Cordelia,284,0.021613838
949,Ellison,284,0.021613838
950,Meilani,284,0.021613838
951,Angeline,283,0.021537733
952,Reina,283,0.021537733
953,Tegan,283,0.021537733
954,Hadleigh,282,0.021461628
955,Harmoni,282,0.021461628
956,Kimora,282,0.021461628
957,Ingrid,281,0.021385523
958,Lilia,281,0.021385523
959,Luz,281,0.021385523
960,Aislinn,280,0.021309418
961,America,280,0.021309418
962,Ellis,280,0.021309418
963,Elora,280,0.021309418
964,Heather,280,0.021309418
965,Natalee,280,0.021309418
966,Miya,279,0.021233313
967,Heavenly,278,0.021157208
968,Jenny,278,0.021157208
969,Aubriella,277,0.021081103
970,Emmalee,277,0.021081103
971,Kensington,277,0.021081103
972,Kiana,277,0.021081103
973,Lilyanna,277,0.021081103
974,Tinley,277,0.021081103
975,Ophelia,276,0.021004998
976,Moriah,275,0.020928893
977,Sharon,275,0.020928893
978,Charlize,274,0.020852788
979,Abril,273,0.020776683
980,Avalyn,273,0.020776683
981,Mariyah,273,0.020776683
982,Taya,273,0.020776683
983,Ireland,272,0.020700578
984,Lyra,272,0.020700578
985,Noor,272,0.020700578
986,Sariyah,272,0.020700578
987,Giavanna,271,0.020624472
988,Stevie,271,0.020624472
989,Rhea,270,0.020548367
990,Zaylee,270,0.020548367
991,Denise,269,0.020472262
992,Frankie,269,0.020472262
993,Janiya,269,0.020472262
994,Jocelynn,269,0.020472262
995,Libby,269,0.020472262
996,Aubrianna,268,0.020396157
997,Kaitlynn,268,0.020396157
998,Princess,267,0.020320052
999,Sidney,267,0.020320052
1000,Alianna,266,0.020243947
